(B) eps=0 projected eps_spur * nz^2 (and mid-column local value), w = sin(pi z):
   R=5H      base : projected -0.24174  mid -0.24317
   R=5H      cart : projected +0.00061  mid +0.00204
   R=5H      exact: projected +0.00000  mid -0.00000
   Cartesian base : projected -0.24648  mid -0.24158
   Cartesian cart : projected +0.00000  mid -0.00000
   Cartesian exact: projected +0.00000  mid -0.00000
(A) flux test at Rb = 5H, eps = 0; errors divided by dr^2 (exact - scheme):
   kind  nz cell   r_mid   errE   errE-cartDF  errE-curvDF   errM  errM-curvM   ent  ent-pred
   cart  16   0 5.0312 +0.02499 -0.000101 -1.01e-04 +0.00000 +0.00e+00 +0.02499 -1.01e-04
   sph   16   0 5.0312 +0.09858 +0.073488 -2.24e-04 +0.01657 -3.45e-05 +0.04110 -1.06e-04
   gno   16   0 5.0312 +0.12077 +0.095676 -2.60e-04 +0.02297 -4.50e-05 +0.04110 -1.06e-04
   cart  16   8 5.5312 +0.17246 -0.000179 -1.79e-04 +0.00000 +0.00e+00 +0.17246 -1.79e-04
   sph   16   8 5.5312 +0.26163 +0.088990 -2.44e-04 +0.03036 -2.59e-05 +0.17149 -1.72e-04
   gno   16   8 5.5312 +0.26058 +0.087947 -2.37e-04 +0.03001 -2.36e-05 +0.17149 -1.72e-04
   cart  16  15 5.9688 +0.01145 +0.000034 +3.41e-05 +0.00000 +0.00e+00 +0.01145 +3.41e-05
   sph   16  15 5.9688 -0.00530 -0.016717 +7.38e-05 -0.00418 +1.48e-05 +0.00527 +3.73e-05
   gno   16  15 5.9688 -0.01054 -0.021950 +8.23e-05 -0.00624 +1.83e-05 +0.00527 +3.73e-05
   cart  32   0 5.0156 +0.01268 -0.000022 -2.23e-05 +0.00000 +0.00e+00 +0.01268 -2.23e-05
   sph   32   0 5.0156 +0.07891 +0.066209 -5.17e-05 +0.01430 -8.14e-06 +0.02909 -2.37e-05
   gno   32   0 5.0156 +0.10170 +0.089000 -6.10e-05 +0.02084 -1.09e-05 +0.02909 -2.37e-05
   cart  32  16 5.5156 +0.17551 -0.000046 -4.62e-05 +0.00000 +0.00e+00 +0.17551 -4.62e-05
   sph   32  16 5.5156 +0.26873 +0.093182 -6.38e-05 +0.03140 -6.90e-06 +0.17501 -4.45e-05
   gno   32  16 5.5156 +0.26820 +0.092645 -6.23e-05 +0.03122 -6.38e-06 +0.17501 -4.45e-05
   cart  32  31 5.9844 +0.00564 +0.000010 +1.01e-05 +0.00000 +0.00e+00 +0.00564 +1.01e-05
   sph   32  31 5.9844 -0.01331 -0.018935 +2.03e-05 -0.00511 +3.88e-06 -0.00045 +1.08e-05
   gno   32  31 5.9844 -0.01843 -0.024054 +2.23e-05 -0.00714 +4.73e-06 -0.00045 +1.08e-05
   cart  64   0 5.0078 +0.00638 -0.000005 -5.18e-06 +0.00000 +0.00e+00 +0.00638 -5.18e-06
   sph   64   0 5.0078 +0.06873 +0.062343 -1.24e-05 +0.01312 -1.97e-06 +0.02293 -5.55e-06
   gno   64   0 5.0078 +0.09180 +0.085414 -1.47e-05 +0.01972 -2.66e-06 +0.02293 -5.55e-06
   cart  64  32 5.5078 +0.17685 -0.000012 -1.17e-05 +0.00000 +0.00e+00 +0.17685 -1.17e-05
   sph   64  32 5.5078 +0.27205 +0.095189 -1.63e-05 +0.03190 -1.78e-06 +0.17660 -1.13e-05
   gno   64  32 5.5078 +0.27178 +0.094917 -1.59e-05 +0.03181 -1.65e-06 +0.17660 -1.13e-05
   cart  64  63 5.9922 +0.00279 +0.000003 +2.70e-06 +0.00000 +0.00e+00 +0.00279 +2.70e-06
   sph   64  63 5.9922 -0.01718 -0.019973 +5.28e-06 -0.00556 +9.90e-07 -0.00325 +2.87e-06
   gno   64  63 5.9922 -0.02224 -0.025029 +5.78e-06 -0.00757 +1.20e-06 -0.00325 +2.87e-06
